kde_cuda/redwood_GPU.asc
ncols 400
nrows 400
xllcorner 0.000000
yllcorner 0.000000
cellsize 0.002500
NODATA_value -9999
[rows 72 to 89 of 400, columns 84 to 125 of 400]
82.7130508422851562 83.5544204711914062 84.3880538940429688 85.2136917114257812 86.0310974121093750 86.8400573730468750 87.6403808593750000 88.4318084716796875 89.2141723632812500 89.9872817993164062 90.7509155273437500 91.7461929321289062 92.5026473999023438 93.2496032714843750 93.9869384765625000 94.7145233154296875 95.4321899414062500 96.1398468017578125 96.8373107910156250 97.5244903564453125 98.2012634277343750 98.8675079345703125 99.5231475830078125 100.1680221557617188 100.8020706176757812 101.4251327514648438 102.0371475219726562 102.6380233764648438 103.2276458740234375 103.8058853149414062 104.3726882934570312 104.9279251098632812 105.4715042114257812 106.0033416748046875 106.5233306884765625 107.1493988037109375 107.6509399414062500 108.1404724121093750 108.6179580688476562 108.9615936279296875 109.4163589477539062 109.8587722778320312
83.0918655395507812 83.9287948608398438 84.7579345703125000 85.5790252685546875 86.3918762207031250 87.1962585449218750 87.9919509887695312 88.7787780761718750 89.5565490722656250 90.3250579833984375 91.3216247558593750 92.0832138061523438 92.8355636596679688 93.5784683227539062 94.3118133544921875 95.0354995727539062 95.7493438720703125 96.4532318115234375 97.1470794677734375 97.8307342529296875 98.5040740966796875 99.1670455932617188 99.8194808959960938 100.4613265991210938 101.0924606323242188 101.7127685546875000 102.3222122192382812 102.9206542968750000 103.5079956054687500 104.0841369628906250 104.6490097045898438 105.2025299072265625 105.7445526123046875 106.2750396728515625 106.9110565185546875 107.4237060546875000 107.9247207641601562 108.4139480590820312 108.8913574218750000 109.3567810058593750 109.8101425170898438 110.2513122558593750
83.4591293334960938 84.2911529541015625 85.1153488159179688 85.9314727783203125 86.7393035888671875 87.5386886596679688 88.3293380737304688 89.1111145019531250 89.8838348388671875 90.6473007202148438 91.6469955444335938 92.4039916992187500 93.1518096923828125 93.8902435302734375 94.6192169189453125 95.3385391235351562 96.0481262207031250 96.7478866577148438 97.4376754760742188 98.1173858642578125 98.7869110107421875 99.4461593627929688 100.0950469970703125 100.7334365844726562 101.3612899780273438 101.9785156250000000 102.5849380493164062 103.1805496215820312 103.7652587890625000 104.3389434814453125 104.9015731811523438 105.4529800415039062 105.9931411743164062 106.5219497680664062 107.1611175537109375 107.6727142333984375 108.1728744506835938 108.6615066528320312 109.1385345458984375 109.6038131713867188 110.0572814941406250 110.4987869262695312
83.8151702880859375 84.6418762207031250 85.4606704711914062 86.2713699340820312 87.0737838745117188 87.8676910400390625 88.6528549194335938 89.4291534423828125 90.1963653564453125 91.1958999633789062 91.9569244384765625 92.7089309692382812 93.4517745971679688 94.1853103637695312 94.9094161987304688 95.6240005493164062 96.3289566040039062 97.0241088867187500 97.7094497680664062 98.3847808837890625 99.0500793457031250 99.7052307128906250 100.3501434326171875 100.9847106933593750 101.6088714599609375 102.2225494384765625 102.8256454467773438 103.4180831909179688 103.9997863769531250 104.5706405639648438 105.1306381225585938 105.6796417236328125 106.2175598144531250 106.8651199340820312 107.3864288330078125 107.8966751098632812 108.3956832885742188 108.8834228515625000 109.3598022460937500 109.8246231079101562 110.2778854370117188 110.7194595336914062
84.1603622436523438 84.9812850952148438 85.7942886352539062 86.5991668701171875 87.3956604003906250 88.1836395263671875 88.9628982543945312 89.7332687377929688 90.6141967773437500 91.4962310791015625 92.2517776489257812 92.9983444213867188 93.7357940673828125 94.4639816284179688 95.1828460693359375 95.8922653198242188 96.5921173095703125 97.2823028564453125 97.9627380371093750 98.6333007812500000 99.2939529418945312 99.9446029663085938 100.5851211547851562 101.2154617309570312 101.8355636596679688 102.4453430175781250 103.0446777343750000 103.6335678100585938 104.2119064331054688 104.7795867919921875 105.3365707397460938 105.8827819824218750 106.5377578735351562 107.0679779052734375 107.5873947143554688 108.0959167480468750 108.5934677124023438 109.0800018310546875 109.5553741455078125 110.0195083618164062 110.4723205566406250 110.9136428833007812
84.4950485229492188 85.3097991943359375 86.1165618896484375 86.9151458740234375 87.7053222656250000 88.4869613647460938 89.2598419189453125 90.1422348022460938 91.0239028930664062 91.7823486328125000 92.5319519042968750 93.2726440429687500 94.0042572021484375 94.7267150878906250 95.4398956298828125 96.1437072753906250 96.8380203247070312 97.5228195190429688 98.1979370117187500 98.8633270263671875 99.5189285278320312 100.1646270751953125 100.8003845214843750 101.4261093139648438 102.0417480468750000 102.6472167968750000 103.2424468994140625 103.8273925781250000 104.4019546508789062 104.9660949707031250 105.5197067260742188 106.1811752319335938 106.7193832397460938 107.2471084594726562 107.7642593383789062 108.2707672119140625 108.7665557861328125 109.2515716552734375 109.7256469726562500 110.1887664794921875 110.6407852172851562 111.0816497802734375
84.8197250366210938 85.6278381347656250 86.4279174804687500 87.2197723388671875 88.0031814575195312 88.7780380249023438 89.6612167358398438 90.4241790771484375 91.3025894165039062 92.0546112060546875 92.7979049682617188 93.5322494506835938 94.2576293945312500 94.9738922119140625 95.6809539794921875 96.3787231445312500 97.0671386718750000 97.7460556030273438 98.4154891967773438 99.0752639770507812 99.7254104614257812 100.3657760620117188 100.9963455200195312 101.6170425415039062 102.2278213500976562 102.8285903930664062 103.4192962646484375 103.9999237060546875 104.5703582763671875 105.1305694580078125 105.7975616455078125 106.3428878784179688 106.8780136108398438 107.4028854370117188 107.9174575805664062 108.4216232299804688 108.9153289794921875 109.3984680175781250 109.8709564208984375 110.3327865600585938 110.7837219238281250 111.2237930297851562
85.1347427368164062 85.9358139038085938 86.7287826538085938 87.5134582519531250 88.2896804809570312 89.0572738647460938 89.9376144409179688 90.8144454956054688 91.5682830810546875 92.3134994506835938 93.0499877929687500 93.7775955200195312 94.4962997436523438 95.2059402465820312 95.9064636230468750 96.5977935791015625 97.2798538208007812 97.9525375366210938 98.6157989501953125 99.2695999145507812 99.9138412475585938 100.5484619140625000 101.1734237670898438 101.7886962890625000 102.3941879272460938 102.9898910522460938 103.5756988525390625 104.1516113281250000 104.7175140380859375 105.2734069824218750 105.9407043457031250 106.4823455810546875 107.0140609741210938 107.5357513427734375 108.0473937988281250 108.5488586425781250 109.0401077270507812 109.5210952758789062 109.9917144775390625 110.4518661499023438 110.9014816284179688 111.3404693603515625
85.4405746459960938 86.2341461181640625 87.0195770263671875 87.7966537475585938 88.5652465820312500 89.4451828002929688 90.2023468017578125 91.0749053955078125 91.8214874267578125 92.5594558715820312 93.2887191772460938 94.0091857910156250 94.7207489013671875 95.4233551025390625 96.1169281005859375 96.8013610839843750 97.4766235351562500 98.1426315307617188 98.7993469238281250 99.4466781616210938 100.0846557617187500 100.7131271362304688 101.3320922851562500 101.9415130615234375 102.5413665771484375 103.1315689086914062 103.7120742797851562 104.2828750610351562 104.8438873291015625 105.5150833129882812 106.0624084472656250 106.6000595092773438 107.1279754638671875 107.6461334228515625 108.1544876098632812 108.6528930664062500 109.1414260864257812 109.6198959350585938 110.0882873535156250 110.5465164184570312 110.9944763183593750 111.4320755004882812
85.7376327514648438 86.5232925415039062 87.3007431030273438 88.0698165893554688 88.9487686157226562 89.7065734863281250 90.5764465332031250 91.3237609863281250 92.0626449584960938 92.7929534912109375 93.5145416259765625 94.2274093627929688 94.9314498901367188 95.6266021728515625 96.3127593994140625 96.9898986816406250 97.6579360961914062 98.3168640136718750 98.9665908813476562 99.6071014404296875 100.2383346557617188 100.8602523803710938 101.4728088378906250 102.0760116577148438 102.6697769165039062 103.2540893554687500 103.8289031982421875 104.3942413330078125 105.0683898925781250 105.6204452514648438 106.1631622314453125 106.6963882446289062 107.2201843261718750 107.7344512939453125 108.2391510009765625 108.7342376708984375 109.2196350097656250 109.6953125000000000 110.1611633300781250 110.6171264648437500 111.0631103515625000 111.4990615844726562
86.0264053344726562 86.8037490844726562 87.5728073120117188 88.4501953125000000 89.2081680297851562 89.9576797485351562 90.8223266601562500 91.5615310668945312 92.2922515869140625 93.0144348144531250 93.7279891967773438 94.4328231811523438 95.1288986206054688 95.8161468505859375 96.4944915771484375 97.1638870239257812 97.8243408203125000 98.4757385253906250 99.1180572509765625 99.7512893676757812 100.3753967285156250 100.9903488159179688 101.5960845947265625 102.1926269531250000 102.7799301147460938 103.3579711914062500 103.9267120361328125 104.6029129028320312 105.1588821411132812 105.7057342529296875 106.2434234619140625 106.7719192504882812 107.2912139892578125 107.8012237548828125 108.3019332885742188 108.7933120727539062 109.2752685546875000 109.7477874755859375 110.2107925415039062 110.6641769409179688 111.1078872680664062 111.5418472290039062
86.3073425292968750 87.0759277343750000 87.8361663818359375 88.7088699340820312 89.4581451416015625 90.3189773559570312 91.0579910278320312 91.7886352539062500 92.5108108520507812 93.2244720458984375 93.9294967651367188 94.6259078979492188 95.3135986328125000 95.9925231933593750 96.6626281738281250 97.3238906860351562 97.9762573242187500 98.6197357177734375 99.2542648315429688 99.8798141479492188 100.4963912963867188 101.1039276123046875 101.7024841308593750 102.2919616699218750 102.8723678588867188 103.4437484741210938 104.0059890747070312 104.6800537109375000 105.2301940917968750 105.7714309692382812 106.3037567138671875 106.8271255493164062 107.3415374755859375 107.8469543457031250 108.3433227539062500 108.8306503295898438 109.3088226318359375 109.7778472900390625 110.2376480102539062 110.6881408691406250 111.1292419433593750 111.5609207153320312
86.7065048217773438 87.4656829833984375 88.3355026245117188 89.0837020874023438 89.8234481811523438 90.5539245605468750 91.2839431762695312 92.0055999755859375 92.7188110351562500 93.4235000610351562 94.1196594238281250 94.8071746826171875 95.4860763549804688 96.1562500000000000 96.8177032470703125 97.4704208374023438 98.1143188476562500 98.7494201660156250 99.3757171630859375 99.9931793212890625 100.6017837524414062 101.2015457153320312 101.7924575805664062 102.3744964599609375 102.9476165771484375 103.5119094848632812 104.1863784790039062 104.7389602661132812 105.2828674316406250 105.8180923461914062 106.3446502685546875 106.8625411987304688 107.3717269897460938 107.8721542358398438 108.3638458251953125 108.8467483520507812 109.3208160400390625 109.7859954833984375 110.2422790527343750 110.6895599365234375 111.1277618408203125 111.5568084716796875
86.9810791015625000 87.8479080200195312 88.5949935913085938 89.3336868286132812 90.1831741333007812 90.9115829467773438 91.6316757202148438 92.3433227539062500 93.0465011596679688 93.7411346435546875 94.4272155761718750 95.1046829223632812 95.7734985351562500 96.4336395263671875 97.0850906372070312 97.6039657592773438 98.2390060424804688 98.8653564453125000 99.4830093383789062 100.0919494628906250 100.6921920776367188 101.2837600708007812 101.8666152954101562 102.4407882690429688 103.0062637329101562 103.6802749633789062 104.2343978881835938 104.7801132202148438 105.3174057006835938 105.8462677001953125 106.3667144775390625 106.8787155151367188 107.3822860717773438 107.8774185180664062 108.3640365600585938 108.8422012329101562 109.3117980957031250 109.7728118896484375 110.2252044677734375 110.6689300537109375 111.1038894653320312 111.5300292968750000
87.2497711181640625 88.1106262207031250 88.8478546142578125 89.5766677856445312 90.4190597534179688 91.1376571655273438 91.8478775024414062 92.5497055053710938 93.2430343627929688 93.9278488159179688 94.6041641235351562 95.2718582153320312 95.9309997558593750 96.5815124511718750 97.2234115600585938 97.8567047119140625 98.4813766479492188 99.0974197387695312 99.7048187255859375 100.3036499023437500 100.8938903808593750 101.4755401611328125 101.9255218505859375 102.4914245605468750 103.0488357543945312 103.7189788818359375 104.2656478881835938 104.8041229248046875 105.3344268798828125 105.8565292358398438 106.3704681396484375 106.8762435913085938 107.3738479614257812 107.8632888793945312 108.3444900512695312 108.8175125122070312 109.2822952270507812 109.7388076782226562 110.1870040893554688 110.6268386840820312 111.0582427978515625 111.4811630249023438
87.6321792602539062 88.3676147460937500 89.0946350097656250 89.9313659667968750 90.6480712890625000 91.3564300537109375 92.0564346313476562 92.7479934692382812 93.4310913085937500 94.1056976318359375 94.7717742919921875 95.4293060302734375 96.0783462524414062 96.7188339233398438 97.3507690429687500 97.9741897583007812 98.5890884399414062 99.1954574584960938 99.7933273315429688 100.3827743530273438 100.9637451171875000 101.5363082885742188 102.1004638671875000 102.6562423706054688 103.3228378295898438 103.8681488037109375 104.4054336547851562 104.8115921020507812 105.3345260620117188 105.8494949340820312 106.3565368652343750 106.8557052612304688 107.3469772338867188 107.8303222656250000 108.3058013916015625 108.7733459472656250 109.2329406738281250 109.6846008300781250 110.1282501220703125 110.5638656616210938 110.9913864135742188 111.4107131958007812
87.8945770263671875 88.6194534301757812 89.3358383178710938 90.1646194458007812 90.8707275390625000 91.5684738159179688 92.2578277587890625 92.9387512207031250 93.6111907958984375 94.2751617431640625 94.9306411743164062 95.5776519775390625 96.2161636352539062 96.8461914062500000 97.4677658081054688 98.0808944702148438 98.6855926513671875 99.2818984985351562 99.8698348999023438 100.4494476318359375 101.0207595825195312 101.5838165283203125 102.1386566162109375 102.8022766113281250 103.3468856811523438 103.8836593627929688 104.4125823974609375 104.9337463378906250 105.4471740722656250 105.9528961181640625 106.4509277343750000 106.8177185058593750 107.3022460937500000 107.7791900634765625 108.2485198974609375 108.7102508544921875 109.1643295288085938 109.6107864379882812 110.0495376586914062 110.4806060791015625 110.9038772583007812 111.3193359375000000
88.1527099609375000 88.8666458129882812 89.5720214843750000 90.3924942016601562 91.0876312255859375 91.7743835449218750 92.4526824951171875 93.1225509643554688 93.7839508056640625 94.4368896484375000 95.0813598632812500 95.7173995971679688 96.3449859619140625 96.9641723632812500 97.5749588012695312 98.1773986816406250 98.7715072631835938 99.3573455810546875 99.9349441528320312 100.5043334960937500 101.0655899047851562 101.6187362670898438 102.1638031005859375 102.8217697143554688 103.3572158813476562 103.8850250244140625 104.4052200317382812 104.9178848266601562 105.4230728149414062 105.9207763671875000 106.4110641479492188 106.8939590454101562 107.3695220947265625 107.8376998901367188 108.2985763549804688 108.6288604736328125 109.0770568847656250 109.5179595947265625 109.9515304565429688 110.3776473999023438 110.7964096069335938 111.2076492309570312
