kde_cuda/redwood_GPU.asc
ncols 400
nrows 400
xllcorner 0.000000
yllcorner 0.000000
cellsize 0.002500
NODATA_value -9999
[rows 216 to 233 of 400, columns 0 to 41 of 400]
43.5349349975585938 44.6996803283691406 45.8788108825683594 47.0718536376953125 48.2782707214355469 49.4975166320800781 50.7290115356445312 51.9721374511718750 53.2262802124023438 54.4907569885253906 55.7648773193359375 57.0479354858398438 58.3391532897949219 59.6377906799316406 60.9430236816406250 62.2540512084960938 63.5699958801269531 64.8900070190429688 66.2131881713867188 67.5386123657226562 68.8653335571289062 70.1923980712890625 71.5188293457031250 72.8436203002929688 74.1657638549804688 75.4842147827148438 76.7979431152343750 78.1058654785156250 79.4069290161132812 80.7000503540039062 81.9841156005859375 83.3867874145507812 84.6524734497070312 85.9057769775390625 87.1456298828125000 88.3708877563476562 89.5804367065429688 90.7731399536132812 91.9478988647460938 93.1035919189453125 94.2391204833984375 95.3533630371093750
43.0905761718750000 44.2459030151367188 45.4155998229980469 46.5991821289062500 47.7961349487304688 49.0059165954589844 50.2279472351074219 51.4616279602050781 52.7063331604003906 53.9614028930664062 55.2261543273925781 56.4998626708984375 57.7817993164062500 59.0712051391601562 60.3672790527343750 61.6692085266113281 62.9761466979980469 64.2872390747070312 65.6015777587890625 66.9182662963867188 68.2363662719726562 69.5549316406250000 70.8729858398437500 72.1895446777343750 73.5035705566406250 74.8140869140625000 76.1200103759765625 77.4203033447265625 78.7139129638671875 79.9997482299804688 81.2767105102539062 82.5437316894531250 83.7996978759765625 85.0434875488281250 86.4042587280273438 87.6232833862304688 88.8267974853515625 90.0137176513671875 91.1829376220703125 92.3332977294921875 93.4637603759765625 94.5731811523437500
42.6399917602539062 43.7856788635253906 44.9457130432128906 46.1196212768554688 47.3068847656250000 48.5069541931152344 49.7192878723144531 50.9432716369628906 52.1782951354980469 53.4237060546875000 54.6788215637207031 55.9429473876953125 57.2153396606445312 58.4952392578125000 59.7818794250488281 61.0744400024414062 62.3720893859863281 63.6739616394042969 64.9791870117187500 66.2868576049804688 67.5960617065429688 68.9058151245117188 70.2152023315429688 71.5232238769531250 72.8288726806640625 74.1310958862304688 75.4289474487304688 76.7213134765625000 78.0071487426757812 79.2853775024414062 80.5549468994140625 81.8147506713867188 83.0636978149414062 84.3006820678710938 85.5246124267578125 86.7343597412109375 88.0573425292968750 89.2381668090820312 90.4015274047851562 91.5462875366210938 92.6713790893554688 93.7757110595703125
42.1834945678710938 43.3193550109863281 44.4695167541503906 45.6335220336914062 46.8108596801757812 48.0010185241699219 49.2034072875976562 50.4174690246582031 51.6425704956054688 52.8780784606933594 54.1233215332031250 55.3775901794433594 56.6401672363281250 57.9103202819824219 59.1872558593750000 60.4701766967773438 61.7582511901855469 63.0506591796875000 64.3464813232421875 65.6448593139648438 66.9448623657226562 68.2455520629882812 69.5459747314453125 70.8451538085937500 72.1420974731445312 73.4358062744140625 74.7252426147460938 76.0093688964843750 77.2871475219726562 78.5574951171875000 79.8193435668945312 81.0716323852539062 82.3132629394531250 83.5431365966796875 84.7601623535156250 85.9632339477539062 87.1512603759765625 88.3231353759765625 89.4777679443359375 90.7431182861328125 91.8625564575195312 92.9614944458007812
41.7214584350585938 42.8472633361816406 43.9873542785644531 45.1412544250488281 46.3084564208984375 47.4884643554687500 48.6806907653808594 49.8845863342285156 51.0995407104492188 52.3249092102050781 53.5600280761718750 54.8042106628417969 56.0567398071289062 57.3168754577636719 58.5838546752929688 59.8568878173828125 61.1351318359375000 62.4177780151367188 63.7039337158203125 64.9927444458007812 66.2832717895507812 67.5745925903320312 68.8657760620117188 70.1558456420898438 71.4438247680664062 72.7286834716796875 74.0094299316406250 75.2850265502929688 76.5544433593750000 77.8166046142578125 79.0704574584960938 80.3149337768554688 81.5489349365234375 82.7714004516601562 83.9812316894531250 85.1773223876953125 86.3585815429687500 87.5239410400390625 88.6722793579101562 89.8025283813476562 90.9135971069335938 92.0044097900390625
41.2541809082031250 42.3697547912597656 43.4995613098144531 44.6431503295898438 45.8000183105468750 46.9696578979492188 48.1515235900878906 49.3450317382812500 50.5496025085449219 51.7645988464355469 52.9893646240234375 54.2232284545898438 55.4654502868652344 56.7153358459472656 57.9721031188964844 59.2349815368652344 60.5031433105468750 61.7757797241210938 63.0520133972167969 64.3309707641601562 65.6117553710937500 66.8934631347656250 68.1751174926757812 69.4557952880859375 70.7345046997070312 72.0102462768554688 73.2820205688476562 74.5488052368164062 75.8095626831054688 77.0632629394531250 78.3088226318359375 79.5451889038085938 80.7712860107421875 81.9860534667968750 83.1883773803710938 84.3771972656250000 85.5514144897460938 86.7099533081054688 87.8517150878906250 88.9756240844726562 90.0806198120117188 91.1656188964843750
40.7820167541503906 41.8871688842773438 43.0064964294433594 44.1395835876464844 45.2859077453613281 46.4449806213378906 47.6162605285644531 48.7991867065429688 49.9931564331054688 51.1975555419921875 52.4117431640625000 53.6350364685058594 54.8667373657226562 56.1061286926269531 57.3524398803710938 58.6049232482910156 59.8627548217773438 61.1251220703125000 62.3911628723144531 63.6600341796875000 64.9308090209960938 66.2026138305664062 67.4744949340820312 68.7454986572265625 70.0146713256835938 71.2810211181640625 72.5435333251953125 73.8012390136718750 75.0530624389648438 76.2979965209960938 77.5349884033203125 78.7629547119140625 79.9808654785156250 81.1876296997070312 82.3821792602539062 83.5634384155273438 84.7303161621093750 85.8817596435546875 87.0166397094726562 88.1339492797851562 89.2325820922851562 90.3114700317382812
40.3052864074707031 41.3998260498046875 42.5085067749023438 43.6308937072753906 44.7664909362792969 45.9148025512695312 47.0752944946289062 48.2474174499511719 49.4305725097656250 50.6241683959960938 51.8275604248046875 53.0400695800781250 54.2610130310058594 55.4896659851074219 56.7253036499023438 57.9671516418457031 59.2144012451171875 60.4662590026855469 61.7218704223632812 62.9803771972656250 64.2409057617187500 65.5025482177734375 66.7643737792968750 68.0254516601562500 69.2848281860351562 70.5415039062500000 71.7945098876953125 73.0428314208984375 74.2854537963867188 75.5213470458984375 76.7494812011718750 77.9687805175781250 79.1782150268554688 80.3767089843750000 81.5632019042968750 82.7366180419921875 83.8958740234375000 85.0399322509765625 86.1676864624023438 87.2780914306640625 88.3700637817382812 89.4425811767578125
39.8243064880371094 40.9080734252929688 42.0059318542480469 43.1174430847167969 44.2421150207519531 45.3794631958007812 46.5289840698242188 47.6900978088378906 48.8622474670410156 50.0448379516601562 51.2372093200683594 52.4387168884277344 53.6486892700195312 54.8663940429687500 56.0911178588867188 57.3220939636230469 58.5585441589355469 59.7996444702148438 61.0445785522460938 62.2924880981445312 63.5425033569335938 64.7937393188476562 66.0452651977539062 67.2961654663085938 68.5454788208007812 69.7922210693359375 71.0354385375976562 72.2741317749023438 73.5072784423828125 74.7338790893554688 75.9528732299804688 77.1632308959960938 78.3639068603515625 79.5538558959960938 80.7320175170898438 81.8973007202148438 83.0486755371093750 84.1850585937500000 85.3053970336914062 86.4086303710937500 87.4936981201171875 88.5595474243164062
39.2192993164062500 40.4122467041015625 41.4990997314453125 42.5995483398437500 43.7131271362304688 44.8393478393554688 45.9776916503906250 47.1276245117187500 48.2885665893554688 49.4599342346191406 50.6410980224609375 51.8314056396484375 53.0301818847656250 54.2367248535156250 55.4503173828125000 56.6702041625976562 57.8956031799316406 59.1257286071777344 60.3597564697265625 61.5968360900878906 62.8361015319824219 64.0766754150390625 65.3176574707031250 66.5581130981445312 67.7971038818359375 69.0336761474609375 70.2668457031250000 71.4956436157226562 72.7190628051757812 73.9360733032226562 75.1456832885742188 76.3468322753906250 77.5384979248046875 78.7196273803710938 79.8891830444335938 81.0460739135742188 82.1892776489257812 83.3177337646484375 84.4303970336914062 85.5261688232421875 86.6040573120117188 87.6629791259765625
38.7359390258789062 39.7926902770996094 40.9883460998535156 42.0775833129882812 43.1798896789550781 44.2947959899902344 45.4217987060546875 46.5603485107421875 47.7099075317382812 48.8698616027832031 50.0396118164062500 51.2185134887695312 52.4058990478515625 53.6010665893554688 54.8033103942871094 56.0118980407714844 57.2260437011718750 58.4449653625488281 59.6678466796875000 60.8938598632812500 62.1221466064453125 63.3518371582031250 64.5820312500000000 65.8118057250976562 67.0402374267578125 68.2663726806640625 69.4892578125000000 70.7079010009765625 71.9213180541992188 73.1285171508789062 74.3284759521484375 75.5201644897460938 76.7025375366210938 77.8745956420898438 79.0352630615234375 80.1835174560546875 81.3182907104492188 82.4385604858398438 83.5432510375976562 84.6313171386718750 85.7017593383789062 86.7535018920898438
38.2491188049316406 39.2948303222656250 40.3542785644531250 41.5518455505371094 42.6427230834960938 43.7461547851562500 44.8616409301757812 45.9886550903320312 47.1266250610351562 48.2749938964843750 49.4331436157226562 50.6004409790039062 51.7762413024902344 52.9598312377929688 54.1505355834960938 55.3476028442382812 56.5502777099609375 57.7577819824218750 58.9693031311035156 60.1840248107910156 61.4011192321777344 62.6196784973144531 63.8388481140136719 65.0577011108398438 66.2753448486328125 67.4908142089843750 68.7031555175781250 69.9114151000976562 71.1145935058593750 72.3117294311523438 73.5017547607421875 74.6837158203125000 75.8565750122070312 77.0192871093750000 78.1708374023437500 79.3101806640625000 80.4362792968750000 81.5480804443359375 82.6445617675781250 83.7246704101562500 84.7873916625976562 85.8316955566406250
37.7591514587402344 38.7936782836914062 39.8418846130371094 40.9033393859863281 42.1020050048828125 43.1938018798828125 44.2975997924804688 45.4128837585449219 46.5391197204589844 47.6757164001464844 48.8220939636230469 49.9776077270507812 51.1416206359863281 52.3134613037109375 53.4924125671386719 54.6777648925781250 55.8687629699707031 57.0646400451660156 58.2646026611328125 59.4678230285644531 60.6734809875488281 61.8807029724121094 63.0886230468750000 64.2963562011718750 65.5029525756835938 66.7075195312500000 67.9090881347656250 69.1067047119140625 70.2994232177734375 71.4862136840820312 72.6661224365234375 73.8381118774414062 75.0011825561523438 76.1543121337890625 77.2964859008789062 78.4266662597656250 79.5438232421875000 80.6469192504882812 81.7349319458007812 82.8068237304687500 83.8615798950195312 84.8981857299804688
37.2663497924804688 38.2895545959472656 39.3263587951660156 40.3763618469238281 41.4391136169433594 42.6380462646484375 43.7300109863281250 44.8334236145019531 45.9477462768554688 47.0724105834960938 48.2068328857421875 49.3503913879394531 50.5024414062500000 51.6623306274414062 52.8293457031250000 54.0027999877929688 55.1819190979003906 56.3659744262695312 57.5541610717773438 58.7456779479980469 59.9396972656250000 61.1353607177734375 62.3318290710449219 63.5281906127929688 64.7235412597656250 65.9169692993164062 67.1075439453125000 68.2943191528320312 69.4763031005859375 70.6525497436523438 71.8220672607421875 72.9838485717773438 74.1368865966796875 75.2801971435546875 76.4127502441406250 77.5335311889648438 78.6414871215820312 79.7356414794921875 80.8149414062500000 81.8783645629882812 82.9249343872070312 83.9535751342773438
36.7710151672363281 37.7827568054199219 38.8080291748046875 39.8464202880859375 40.8975219726562500 41.9608612060546875 43.1592330932617188 44.2506065368652344 45.3528594970703125 46.4654350280761719 47.5877380371093750 48.7191696166992188 49.8590888977050781 51.0068511962890625 52.1617584228515625 53.3231163024902344 54.4901847839355469 55.6622200012207031 56.8384361267089844 58.0180397033691406 59.2002182006835938 60.3841285705566406 61.5689163208007812 62.7537078857421875 63.9375991821289062 65.1196746826171875 66.2990341186523438 67.4747085571289062 68.6457748413085938 69.8112411499023438 70.9701309204101562 72.1214675903320312 73.2642593383789062 74.3975067138671875 75.5202102661132812 76.6313247680664062 77.7298812866210938 78.8148345947265625 79.8851852416992188 80.9399032592773438 81.9780197143554688 82.9984817504882812
36.2734413146972656 37.2735939025878906 38.2872047424316406 39.3138694763183594 40.3531646728515625 41.4046401977539062 42.4678230285644531 43.6647987365722656 44.7548332214355469 45.8551521301269531 46.9651947021484375 48.0843315124511719 49.2119560241699219 50.3474197387695312 51.4900398254394531 52.6391296386718750 53.7939643859863281 54.9537887573242188 56.1178627014160156 57.2853622436523438 58.4555091857910156 59.6274681091308594 60.8003845214843750 61.9733848571777344 63.1456069946289062 64.3161315917968750 65.4840469360351562 66.6484298706054688 67.8083267211914062 68.9627838134765625 70.1108398437500000 71.2515258789062500 72.3838424682617188 73.5067977905273438 74.6194000244140625 75.7206497192382812 76.8095474243164062 77.8850708007812500 78.9462356567382812 79.9920272827148438 81.0214614868164062 82.0335006713867188
35.7739410400390625 36.7623901367187500 37.7642059326171875 38.7790031433105469 39.8063583374023438 40.8458366394042969 41.8969802856445312 42.9592895507812500 44.1540069580078125 45.2419395446777344 46.3395462036132812 47.4462471008300781 48.5614242553710938 49.6844291687011719 50.8145980834960938 51.9512443542480469 53.0936737060546875 54.2411308288574219 55.3928604125976562 56.5480804443359375 57.7060050964355469 58.8658180236816406 60.0266647338867188 61.1877021789550781 62.3480491638183594 63.5068092346191406 64.6630859375000000 65.8159637451171875 66.9644927978515625 68.1077423095703125 69.2447433471679688 70.3745498657226562 71.4961700439453125 72.6086044311523438 73.7108993530273438 74.8020629882812500 75.8810577392578125 76.9469604492187500 77.9986953735351562 79.0353164672851562 80.0558319091796875 81.0592346191406250
35.2727928161621094 36.2494163513183594 37.2393226623535156 38.2421379089355469 39.2574386596679688 40.2847976684570312 41.3237533569335938 42.3738288879394531 43.4345207214355469 44.6261329650878906 45.7111816406250000 46.8052940368652344 47.9078559875488281 49.0182571411132812 50.1358261108398438 51.2598876953125000 52.3897323608398438 53.5246353149414062 54.6638679504394531 55.8066368103027344 56.9521713256835938 58.0996360778808594 59.2482376098632812 60.3971138000488281 61.5453910827636719 62.6921997070312500 63.8366432189941406 64.9778137207031250 66.1147766113281250 67.2466049194335938 68.3723526000976562 69.4910507202148438 70.6017608642578125 71.7034759521484375 72.7952651977539062 73.8760833740234375 74.9449996948242188 76.0010223388671875 77.0431518554687500 78.0703659057617188 79.0817489624023438 80.0762939453125000
