kde_cuda/redwood_GPU.asc
ncols 400
nrows 400
xllcorner 0.000000
yllcorner 0.000000
cellsize 0.002500
NODATA_value -9999
[rows 288 to 305 of 400, columns 294 to 335 of 400]
108.6792449951171875 108.5250473022460938 108.3552093505859375 108.1699829101562500 107.9695663452148438 107.7541961669921875 107.5240325927734375 107.2793350219726562 107.0202865600585938 106.7471389770507812 106.4600906372070312 106.0122070312500000 105.7056579589843750 105.3854598999023438 105.0518875122070312 104.7051315307617188 104.3454055786132812 103.9729156494140625 103.5878601074218750 103.1904525756835938 102.7808990478515625 102.3593673706054688 101.9260787963867188 101.3301467895507812 100.7687835693359375 100.3125152587890625 99.8447570800781250 99.3656921386718750 98.8754730224609375 98.3742904663085938 97.8622894287109375 97.3396301269531250 96.8064575195312500 96.2629165649414062 95.7091522216796875 94.8675231933593750 94.3086395263671875 93.7392501831054688 93.1594924926757812 92.5695266723632812 91.9695129394531250 91.3595962524414062
109.4066543579101562 109.2662200927734375 109.1101150512695312 108.9385681152343750 108.7517395019531250 108.5498580932617188 108.3330917358398438 108.1016769409179688 107.8557662963867188 107.5956039428710938 107.3213729858398438 107.0332794189453125 106.5878982543945312 106.2801971435546875 105.9588623046875000 105.6240997314453125 105.2761383056640625 104.9151229858398438 104.5412826538085938 104.1548080444335938 103.7558670043945312 103.3446350097656250 102.8062744140625000 102.2189407348632812 101.7837142944335938 101.3364562988281250 100.8773422241210938 100.4065322875976562 99.9242019653320312 99.4304885864257812 98.9255676269531250 98.4095840454101562 97.8826751708984375 97.3450012207031250 96.7966537475585938 96.1041564941406250 95.3987426757812500 94.8338394165039062 94.2581329345703125 93.6717376708984375 93.0748519897460938 92.4675979614257812
110.1169281005859375 109.9905548095703125 109.8484878540039062 109.6908874511718750 109.5179748535156250 109.3299026489257812 109.1268539428710938 108.9090423583984375 108.6766281127929688 108.4297866821289062 108.1687393188476562 107.8936538696289062 107.4568939208984375 107.1620178222656250 106.8533020019531250 106.5309219360351562 106.1950607299804688 105.8459243774414062 105.4836654663085938 105.1084747314453125 104.7205276489257812 104.2067489624023438 103.7976531982421875 103.3762130737304688 102.7895965576171875 102.3517227172851562 101.9016418457031250 101.4394836425781250 100.9654159545898438 100.4796066284179688 99.9821548461914062 99.4732208251953125 98.9529800415039062 98.4215087890625000 97.8789672851562500 97.3255157470703125 96.4843139648437500 95.9243087768554688 95.3529968261718750 94.7705612182617188 94.1771545410156250 93.5728912353515625
110.8096160888671875 110.6975936889648438 110.5698242187500000 110.4265136718750000 110.2677917480468750 110.0938415527343750 109.9048538208007812 109.7009506225585938 109.4823532104492188 109.2491760253906250 109.0016403198242188 108.7398757934570312 108.4640808105468750 108.0303497314453125 107.7345962524414062 107.4249572753906250 107.1015777587890625 106.7646560668945312 106.4143447875976562 105.9356002807617188 105.5628662109375000 105.1771392822265625 104.7785873413085938 104.3673782348632812 103.7856903076171875 103.3576354980468750 102.9169540405273438 102.4638442993164062 101.9984359741210938 101.5208663940429688 101.0312500000000000 100.5297851562500000 100.0165710449218750 99.4917068481445312 98.9553527832031250 98.4076080322265625 97.7166519165039062 97.0098190307617188 96.4432983398437500 95.8651580810546875 95.2755813598632812 94.6746826171875000
111.4842910766601562 111.3868637084960938 111.2737045288085938 111.1449127197265625 111.0007019042968750 110.8411712646484375 110.6665191650390625 110.4768600463867188 110.2723541259765625 110.0531692504882812 109.8194808959960938 109.5713882446289062 109.3090896606445312 108.8845596313476562 108.6021194458007812 108.3055572509765625 107.9950180053710938 107.6706924438476562 107.2194900512695312 106.8717117309570312 106.5105056762695312 106.1360168457031250 105.7483901977539062 105.3477478027343750 104.9342727661132812 104.3534164428710938 103.9225463867187500 103.4788360595703125 103.0224380493164062 102.5535202026367188 102.0721435546875000 101.5784759521484375 101.0726394653320312 100.5547637939453125 100.0249328613281250 99.4833068847656250 98.9299621582031250 98.0895767211914062 97.5281829833984375 96.9546813964843750 96.3692855834960938 95.7721023559570312
112.1405181884765625 112.0579452514648438 111.9596252441406250 111.8456649780273438 111.7162094116210938 111.5714111328125000 111.4113616943359375 111.2362289428710938 111.0461349487304688 110.8412628173828125 110.6217041015625000 110.3876113891601562 110.1391220092773438 109.8763961791992188 109.4552841186523438 109.1721343994140625 108.7599792480468750 108.4522323608398438 108.1304855346679688 107.7949142456054688 107.4456100463867188 107.0827102661132812 106.7063598632812500 106.3166961669921875 105.9138259887695312 105.4978637695312500 104.9176635742187500 104.4837493896484375 104.0367431640625000 103.5767898559570312 103.1040191650390625 102.6185226440429688 102.1204452514648438 101.6098937988281250 101.0869522094726562 100.5517807006835938 100.0044631958007812 99.3150863647460938 98.6068420410156250 98.0383529663085938 97.4574584960937500 96.8643035888671875
112.7778625488281250 112.7104263305664062 112.6271820068359375 112.5282974243164062 112.4138717651367188 112.2840347290039062 112.1388931274414062 111.9785842895507812 111.8031997680664062 111.6128921508789062 111.4077835083007812 111.1879806518554688 110.9536361694335938 110.7048339843750000 110.1772994995117188 109.9115295410156250 109.6312408447265625 109.3365554809570312 109.0276412963867188 108.7045822143554688 108.3675003051757812 108.0165557861328125 107.6518402099609375 107.2734603881835938 106.8815536499023438 106.4762191772460938 105.9016036987304688 105.4778137207031250 105.0405502319335938 104.5899581909179688 104.1261291503906250 103.6491470336914062 103.1592025756835938 102.6562957763671875 102.1406021118164062 101.6122283935546875 101.0712432861328125 100.3850708007812500 99.6784362792968750 99.1152801513671875 98.5392608642578125 97.9504623413085938
113.3959350585937500 113.3438339233398438 113.2759170532226562 113.1923446655273438 113.0932235717773438 112.9785995483398438 112.8486175537109375 112.7033843994140625 112.5429840087890625 112.3675384521484375 112.1771545410156250 111.9719314575195312 111.7520065307617188 111.4036636352539062 111.1581192016601562 110.7539520263671875 110.4873046875000000 110.2060089111328125 109.9102172851562500 109.6000213623046875 109.2755203247070312 108.9368515014648438 108.5840988159179688 108.2173461914062500 107.8367385864257812 107.4423828125000000 107.0343322753906250 106.4602737426757812 106.0331268310546875 105.5922241210937500 105.1376647949218750 104.6695709228515625 104.1880416870117188 103.6931762695312500 103.1850814819335938 102.6638107299804688 102.1295318603515625 101.5822982788085938 100.8943634033203125 100.1846389770507812 99.6137847900390625 99.0296783447265625
113.9943313598632812 113.9577484130859375 113.9054183959960938 113.8373794555664062 113.7537689208984375 113.6546020507812500 113.5400314331054688 113.4101181030273438 113.2649612426757812 113.1046524047851562 112.9292755126953125 112.6241531372070312 112.4223556518554688 112.2057189941406250 111.9743194580078125 111.5802536010742188 111.3275451660156250 111.0599746704101562 110.7776184082031250 110.4805831909179688 110.1689834594726562 109.8429183959960938 109.5024414062500000 109.1476745605468750 108.7787017822265625 108.3956298828125000 107.9985046386718750 107.4304275512695312 107.0136871337890625 106.5828094482421875 106.1378936767578125 105.6789855957031250 105.2062377929687500 104.7197189331054688 104.2195053100585938 103.7057418823242188 103.1784439086914062 102.6377716064453125 101.9533920288085938 101.2455596923828125 100.6802062988281250 100.1011199951171875
114.5726394653320312 114.5517883300781250 114.5152206420898438 114.4629364013671875 114.3950271606445312 114.3115921020507812 114.2126617431640625 114.0983200073242188 113.9686431884765625 113.7081832885742188 113.5514450073242188 113.3795471191406250 113.1925354003906250 112.9905090332031250 112.7735366821289062 112.5417098999023438 112.1513671875000000 111.8977890014648438 111.6291809082031250 111.3456420898437500 111.0472183227539062 110.7340545654296875 110.4061889648437500 110.0636901855468750 109.7066879272460938 109.3351974487304688 108.9493255615234375 108.5491409301757812 107.9814834594726562 107.5609512329101562 107.1259689331054688 106.6766052246093750 106.2129516601562500 105.7350769042968750 105.2431030273437500 104.7371139526367188 104.2171630859375000 103.6833496093750000 103.0028305053710938 102.4490585327148438 101.7376480102539062 101.1638717651367188
115.1304626464843750 115.1255569458007812 115.1049194335937500 115.0685729980468750 115.0166320800781250 114.9490890502929688 114.8660125732421875 114.6514358520507812 114.5407638549804688 114.4146957397460938 114.2732772827148438 114.1165542602539062 113.9446029663085938 113.7574768066406250 113.5552291870117188 113.3378906250000000 112.9581451416015625 112.7188415527343750 112.4642715454101562 112.1944885253906250 111.9095916748046875 111.6096115112304688 111.2946395874023438 110.9647369384765625 110.6199645996093750 110.2603912353515625 109.8860626220703125 109.4970703125000000 108.9357299804687500 108.5258789062500000 108.1011352539062500 107.6615982055664062 107.2073669433593750 106.7384796142578125 106.2550506591796875 105.7571334838867188 105.2448272705078125 104.7181854248046875 104.1773223876953125 103.4944610595703125 102.7852249145507812 102.2170791625976562
115.6674346923828125 115.6786117553710938 115.6740951538085938 115.6539001464843750 115.6180572509765625 115.4503021240234375 115.3864974975585938 115.3071365356445312 115.2122497558593750 115.1018295288085938 114.9759597778320312 114.8346862792968750 114.6780319213867188 114.5060348510742188 114.3187408447265625 114.1162109375000000 113.8984375000000000 113.5225143432617188 113.2822418212890625 113.0265274047851562 112.7553863525390625 112.4688949584960938 112.1671066284179688 111.8500595092773438 111.5178298950195312 111.1704330444335938 110.8079757690429688 110.4304428100585938 110.0379409790039062 109.4767761230468750 109.0625915527343750 108.6332015991210938 108.1886596679687500 107.7290802001953125 107.2544784545898438 106.7649536132812500 106.2605667114257812 105.7414245605468750 105.2075729370117188 104.5288619995117188 103.9732589721679688 103.2598266601562500
116.1831588745117188 116.2106018066406250 116.2223663330078125 116.1020736694335938 116.0856552124023438 116.0535964965820312 116.0058898925781250 115.9425430297851562 115.8636016845703125 115.7690811157226562 115.6590042114257812 115.5333938598632812 115.3922576904296875 115.2356338500976562 115.0635452270507812 114.8760070800781250 114.6730804443359375 114.3081665039062500 114.0824661254882812 113.8410491943359375 113.5839538574218750 113.3112106323242188 113.0228576660156250 112.7189636230468750 112.3995437622070312 112.0646286010742188 111.7142868041992188 111.3485412597656250 110.9674148559570312 110.4128875732421875 110.0095443725585938 109.5905685424804688 109.1560363769531250 108.7060241699218750 108.2405548095703125 107.7597122192382812 107.2635650634765625 106.7521743774414062 106.2256317138671875 105.5513610839843750 105.0022430419921875 104.2912368774414062
116.6772994995117188 116.6049194335937500 116.6361465454101562 116.6516876220703125 116.6515579223632812 116.6357727050781250 116.6043243408203125 116.5571975708007812 116.4944229125976562 116.4159774780273438 116.3218688964843750 116.2121200561523438 116.0867233276367188 115.9457015991210938 115.7890243530273438 115.6167602539062500 115.4288864135742188 115.2253799438476562 114.8642959594726562 114.6374359130859375 114.3946228027343750 114.1358718872070312 113.8612518310546875 113.5707473754882812 113.2643890380859375 112.9422378540039062 112.6042938232421875 112.2505645751953125 111.8811111450195312 111.4959487915039062 110.9411926269531250 110.5329284667968750 110.1086807250976562 109.6685180664062500 109.2124710083007812 108.7405853271484375 108.2529373168945312 107.7496109008789062 107.2306594848632812 106.6960983276367188 106.0187606811523438 105.4606170654296875
116.8571319580078125 116.9136276245117188 117.1474380493164062 117.1794128417968750 117.1957397460937500 117.1963806152343750 117.1813659667968750 117.1506347656250000 117.1041793823242188 117.0419921875000000 116.9640655517578125 116.8703689575195312 116.7609100341796875 116.6356735229492188 116.4946441650390625 116.3378372192382812 116.1652297973632812 115.9767913818359375 115.6271057128906250 115.4150314331054688 115.1867446899414062 114.9422302246093750 114.6815643310546875 114.4047088623046875 114.1116943359375000 113.8025054931640625 113.4771804809570312 113.1357727050781250 112.7782363891601562 112.4046173095703125 111.8567581176757812 111.4594650268554688 111.0457839965820312 110.6157226562500000 110.1693572998046875 109.7067031860351562 109.2278366088867188 108.7328186035156250 108.2217025756835938 107.6945495605468750 107.0218811035156250 106.4702987670898438
117.3216705322265625 117.3949661254882812 117.4525375366210938 117.6848983764648438 117.7178192138671875 117.7350311279296875 117.7365875244140625 117.7223739624023438 117.6924209594726562 117.6466598510742188 117.5850677490234375 117.5076217651367188 117.4142761230468750 117.3050155639648438 117.1798324584960938 117.0386657714843750 116.8815231323242188 116.7083740234375000 116.5191574096679688 116.1731872558593750 115.9596481323242188 115.7296066284179688 115.4831161499023438 115.2201309204101562 114.9406661987304688 114.6447372436523438 114.3322982788085938 114.0033950805664062 113.6580276489257812 113.2961883544921875 112.9179000854492188 112.3693771362304688 111.9664916992187500 111.5467987060546875 111.1103515625000000 110.6572265625000000 110.1873931884765625 109.7009735107421875 109.1979598999023438 108.6784210205078125 108.0107421875000000 107.4659500122070312
117.7629623413085938 117.8531036376953125 117.9276046752929688 117.9863967895507812 118.2173614501953125 118.2513046264648438 118.2695465087890625 118.2720108032226562 118.2586898803710938 118.2294845581054688 118.1844024658203125 118.1233444213867188 118.0462951660156250 117.9531936645507812 117.8440017700195312 117.7186737060546875 117.5771789550781250 117.4194793701171875 117.2455291748046875 116.9112930297851562 116.7126846313476562 116.4973373413085938 116.2652206420898438 116.0163345336914062 115.7506484985351562 115.4681396484375000 115.1688461303710938 114.8526916503906250 114.5197372436523438 114.1699066162109375 113.8032684326171875 113.2618408203125000 112.8700103759765625 112.4609451293945312 112.0347137451171875 111.5912857055664062 111.1307601928710938 110.6531524658203125 110.1585083007812500 109.6468887329101562 108.9844131469726562 108.4467010498046875
118.1806488037109375 118.2877044677734375 118.3792037963867188 118.4550857543945312 118.5152435302734375 118.5596313476562500 118.7798156738281250 118.7990951538085938 118.8025283813476562 118.7900314331054688 118.7615661621093750 118.7170486450195312 118.6564407348632812 118.5796356201171875 118.4866256713867188 118.3773193359375000 118.2516403198242188 118.1095809936523438 117.9510498046875000 117.6286773681640625 117.4452133178710938 117.2447357177734375 117.0272216796875000 116.7926101684570312 116.5409240722656250 116.2720718383789062 115.9860916137695312 115.6829223632812500 115.3625717163085938 115.0249938964843750 114.6701812744140625 114.2981719970703125 113.7555465698242188 113.3573455810546875 112.9415054321289062 112.5080718994140625 112.0570678710937500 111.5885314941406250 111.1024932861328125 110.5990142822265625 110.0781326293945312 109.4116210937500000
