kde_cuda/redwood_GPU.asc
ncols 400
nrows 400
xllcorner 0.000000
yllcorner 0.000000
cellsize 0.002500
NODATA_value -9999
[rows 54 to 71 of 400, columns 126 to 167 of 400]
100.4425888061523438 100.8040847778320312 101.1501235961914062 101.4805831909179688 101.7953414916992188 102.0942459106445312 102.3771591186523438 102.6439971923828125 102.7715454101562500 102.8649597167968750 103.0909576416015625 103.4173736572265625 103.6142501831054688 103.7941970825195312 103.9570999145507812 104.1028060913085938 104.2312240600585938 104.0807113647460938 104.1831054687500000 104.2675933837890625 104.3341140747070312 104.3825073242187500 104.4127044677734375 104.5805511474609375 104.5836715698242188 104.4385833740234375 104.4106750488281250 104.3645019531250000 104.2999877929687500 104.2170639038085938 103.9907531738281250 103.8751983642578125 103.7410278320312500 103.4503631591796875 103.2850646972656250 103.1008911132812500 102.8978118896484375 102.6758346557617188 102.4349746704101562 102.1752777099609375 101.8968048095703125 101.5995712280273438
101.1943359375000000 101.5602493286132812 101.9107589721679688 102.2457809448242188 102.5650863647460938 102.8686218261718750 103.1562118530273438 103.4277496337890625 103.6830978393554688 103.9221038818359375 104.1181716918945312 104.2130508422851562 104.4154891967773438 104.6009979248046875 104.7694625854492188 104.9207611083984375 105.0547790527343750 105.1713714599609375 105.1334228515625000 105.0955505371093750 105.1680908203125000 105.2225036621093750 105.2586593627929688 105.4314804077148438 105.4404525756835938 105.4313583374023438 105.2729797363281250 105.2326889038085938 105.1739501953125000 105.0967788696289062 105.0010528564453125 104.8867187500000000 104.6313858032226562 104.4840927124023438 104.1810073852539062 104.0023193359375000 103.8046112060546875 103.5878219604492188 103.3520278930664062 103.0972137451171875 102.8234405517578125 102.5307235717773438
101.9196014404296875 102.2898101806640625 102.6446914672851562 102.9841079711914062 103.3079223632812500 103.6160125732421875 103.9082183837890625 104.1844100952148438 104.4444580078125000 104.8070907592773438 105.0392303466796875 105.1095504760742188 105.3144531250000000 105.3801651000976562 105.5542526245117188 105.7111892700195312 105.8508758544921875 105.9731521606445312 106.0778503417968750 106.0270996093750000 106.1018371582031250 106.0349273681640625 106.0772171020507812 106.2550888061523438 106.2700119018554688 106.2668609619140625 106.2454910278320312 106.0739364624023438 106.0212249755859375 105.9499435424804688 105.8600463867187500 105.7514648437500000 105.6241455078125000 105.3540115356445312 105.1935501098632812 104.8781204223632812 104.6860046386718750 104.4747085571289062 104.2442321777343750 103.9945755004882812 103.7257690429687500 103.4378585815429688
102.6179122924804688 102.9923095703125000 103.3514328002929688 103.6951675415039062 104.0233917236328125 104.3359298706054688 104.6326599121093750 104.9134597778320312 105.2977294921875000 105.5510787963867188 105.7882385253906250 106.0090179443359375 106.0671081542968750 106.2606201171875000 106.4371948242187500 106.4735946655273438 106.6189804077148438 106.7469711303710938 106.8574523925781250 106.9502944946289062 106.8867492675781250 106.9494552612304688 106.8677444458007812 107.0507583618164062 107.0718078613281250 107.0747070312500000 107.0594024658203125 107.0257797241210938 106.8411026000976562 106.7759475708007812 106.6920471191406250 106.5894317626953125 106.4679641723632812 106.3276443481445312 106.0427703857421875 105.8691177368164062 105.5414123535156250 105.3358535766601562 105.1109390258789062 104.8667221069335938 104.6031570434570312 104.3203430175781250
103.2889099121093750 103.6673355102539062 104.0305938720703125 104.3785476684570312 104.7110443115234375 105.0279617309570312 105.3291473388671875 105.7346115112304688 106.0088729858398438 106.2671127319335938 106.5092391967773438 106.7350692749023438 106.9444503784179688 106.9904251098632812 107.1724624633789062 107.3375015258789062 107.4853515625000000 107.4923324584960938 107.6086196899414062 107.7073211669921875 107.7882232666015625 107.7120437622070312 107.7626419067382812 107.9467010498046875 107.8452606201171875 107.8543930053710938 107.8452758789062500 107.8178100585937500 107.7718811035156250 107.5741958618164062 107.4965286254882812 107.4000396728515625 107.2846450805664062 107.1503067016601562 106.9969406127929688 106.8245391845703125 106.3702087402343750 106.1706390380859375 105.9515609741210938 105.7130355834960938 105.4550170898437500 105.1775741577148438
103.9322128295898438 104.3145599365234375 104.6817855834960938 105.0338287353515625 105.3705291748046875 105.6917037963867188 106.1178970336914062 106.4126663208007812 106.6916961669921875 106.9547958374023438 107.2018356323242188 107.4326629638671875 107.6471557617187500 107.8451385498046875 107.8790664672851562 108.0496444702148438 108.2031021118164062 108.3392791748046875 108.4580688476562500 108.4355316162109375 108.5224075317382812 108.5913848876953125 108.5026321411132812 108.5411224365234375 108.7211074829101562 108.7324295043945312 108.6025619506835938 108.5813980102539062 108.5417633056640625 108.4835510253906250 108.2729339599609375 108.1827697753906250 108.0736541748046875 107.9454956054687500 107.7982101440429688 107.6318130493164062 107.4462051391601562 106.9785003662109375 106.7655334472656250 106.5329666137695312 106.2807922363281250 106.0089874267578125
104.6771240234375000 105.0607147216796875 105.4293518066406250 105.6607055664062500 106.0014648437500000 106.4478378295898438 106.7627258300781250 107.0621185302734375 107.3458099365234375 107.6137084960937500 107.8656158447265625 108.1014251708984375 108.3209609985351562 108.5241012573242188 108.7106781005859375 108.7326660156250000 108.8917541503906250 109.0336532592773438 109.1581649780273438 109.2651901245117188 109.3545455932617188 109.3024063110351562 109.3594589233398438 109.2582244873046875 109.4432601928710938 109.4608306884765625 109.4601821899414062 109.3160858154296875 109.2828979492187500 109.2310562133789062 109.1605453491210938 108.9370956420898438 108.8344421386718750 108.7126617431640625 108.5717086791992188 108.4115142822265625 108.2320251464843750 108.0332565307617188 107.5523300170898438 107.3259887695312500 107.0798797607421875 106.8140258789062500
105.2717285156250000 105.6587829589843750 106.0309677124023438 106.3881683349609375 106.8515396118164062 107.1834640502929688 107.3786926269531250 107.6826019287109375 107.9709167480468750 108.2435150146484375 108.5002441406250000 108.7409744262695312 108.9655532836914062 109.1738052368164062 109.3655853271484375 109.5407562255859375 109.5509414672851562 109.6985626220703125 109.8288497924804688 109.9417114257812500 110.0369491577148438 110.1144561767578125 110.1740493774414062 110.0922088623046875 110.1358871459960938 110.1598663330078125 110.1656036376953125 110.1530609130859375 110.1220626831054688 109.9495391845703125 109.8855361938476562 109.8026962280273438 109.5665130615234375 109.4513549804687500 109.3169250488281250 109.1631774902343750 108.9900588989257812 108.7975006103515625 108.5854873657226562 108.0915679931640625 107.8518142700195312 107.5921707153320312
105.8381576538085938 106.2285079956054688 106.6041030883789062 107.0863723754882812 107.4372940063476562 107.7732238769531250 108.0940322875976562 108.3995513916015625 108.5666427612304688 108.8438644409179688 109.1054077148437500 109.3510055541992188 109.5805664062500000 109.7939071655273438 109.9908905029296875 110.1713256835937500 110.3350830078125000 110.3336334228515625 110.4697494506835938 110.5885009765625000 110.6896896362304688 110.7731933593750000 110.8388290405273438 110.8864593505859375 111.0717697143554688 110.8290863037109375 110.8413543701171875 110.8353347778320312 110.8108520507812500 110.7677993774414062 110.5811691284179688 110.5050048828125000 110.4098587036132812 110.1610717773437500 110.0334091186523438 109.8862991333007812 109.7197570800781250 109.5336914062500000 109.3280792236328125 109.1028518676757812 108.7233428955078125 108.3429260253906250
106.4974822998046875 106.7696456909179688 107.2701339721679688 107.6395263671875000 107.9942016601562500 108.3340148925781250 108.6588211059570312 108.9685058593750000 109.2628707885742188 109.5417785644531250 109.8050918579101562 109.9312210083007812 110.1657104492187500 110.3841323852539062 110.5862503051757812 110.7719879150390625 110.9411087036132812 111.0935058593750000 111.0805511474609375 111.2052154541015625 111.3123855590820312 111.4019470214843750 111.4736862182617188 111.5274963378906250 111.7175369262695312 111.7444458007812500 111.6128082275390625 111.4876556396484375 111.4698333740234375 111.4334487915039062 111.3783721923828125 111.3045196533203125 111.0893936157226562 110.9819488525390625 110.7206726074218750 110.5804748535156250 110.4207077026367188 110.2413787841796875 110.0423812866210938 109.8236694335937500 109.4455642700195312 109.1940536499023438
107.0143661499023438 107.5307693481445312 107.9163589477539062 108.2875213623046875 108.6440887451171875 108.8656463623046875 109.1943511962890625 109.5080490112304688 109.8066024780273438 110.0898437500000000 110.3576202392578125 110.6097793579101562 110.8461303710937500 110.9441528320312500 111.1514358520507812 111.3424072265625000 111.5169067382812500 111.6747665405273438 111.8158035278320312 111.7915191650390625 111.9047393798828125 112.0003967285156250 112.0783462524414062 112.1383819580078125 112.3331832885742188 112.3663635253906250 112.3816375732421875 112.2383270263671875 112.2234191894531250 112.0690689086914062 112.0207595825195312 111.9536819458007812 111.8676986694335938 111.6386108398437500 111.5188980102539062 111.2452239990234375 111.0925292968750000 110.9201278686523438 110.7279815673828125 110.5160369873046875 110.2842712402343750 109.8946990966796875
107.6244354248046875 108.0272598266601562 108.4158935546875000 108.7902297973632812 109.1501541137695312 109.4954757690429688 109.8260726928710938 110.1417922973632812 110.4425048828125000 110.6081008911132812 110.8802795410156250 111.1369247436523438 111.3779449462890625 111.6031570434570312 111.8124008178710938 111.8823852539062500 112.0622482299804688 112.2255706787109375 112.3721923828125000 112.5019378662109375 112.4664459228515625 112.5682601928710938 112.6524276733398438 112.7187805175781250 112.9184417724609375 112.9579391479492188 112.9795989990234375 112.9832687377929688 112.8284378051757812 112.8017501831054688 112.6329498291015625 112.5727920532226562 112.4937286376953125 112.3955993652343750 112.1526718139648438 112.0206680297851562 111.7347640991210938 111.5695266723632812 111.3845062255859375 111.1795730590820312 110.9547119140625000 110.7098541259765625
108.0897979736328125 108.4953079223632812 108.8868026733398438 109.2641601562500000 109.6272659301757812 109.9759597778320312 110.3100814819335938 110.6294784545898438 110.9340438842773438 111.2235717773437500 111.4979095458984375 111.7569351196289062 112.0004272460937500 112.1095199584960938 112.3236389160156250 112.5217437744140625 112.7036590576171875 112.7456436157226562 112.8978729248046875 113.0333023071289062 113.1517868041992188 113.1053009033203125 113.1957550048828125 113.2684707641601562 113.3232650756835938 113.5188903808593750 113.5470123291015625 113.5572280883789062 113.5493392944335938 113.3831024169921875 113.3447265625000000 113.2875976562500000 113.0895309448242188 112.9984741210937500 112.8882598876953125 112.7587432861328125 112.4872970581054688 112.1892700195312500 112.0115509033203125 111.8138656616210938 111.5961456298828125 111.3583679199218750
108.5268859863281250 108.9348602294921875 109.3290252685546875 109.7092361450195312 110.0753479003906250 110.4272460937500000 110.7647247314453125 111.0876998901367188 111.3959808349609375 111.6894073486328125 111.9677963256835938 112.2310562133789062 112.4789505004882812 112.7113037109375000 112.9279785156250000 113.1287918090820312 113.1945266723632812 113.3653411865234375 113.5197296142578125 113.5337753295898438 113.6580963134765625 113.7653884887695312 113.7080535888671875 113.7871856689453125 113.8485107421875000 114.0489349365234375 114.0836410522460938 114.1004714965820312 114.0992736816406250 114.0798416137695312 113.9023818969726562 113.8523101806640625 113.7833404541015625 113.6954345703125000 113.4679870605468750 113.3457031250000000 113.2039718627929688 112.9188766479492188 112.6088333129882812 112.4186325073242188 112.2083129882812500 111.9778060913085938
108.9356689453125000 109.3459167480468750 109.7425384521484375 110.1254348754882812 110.4943923950195312 110.8493118286132812 111.1900329589843750 111.5164031982421875 111.8282546997070312 112.1254653930664062 112.4078063964843750 112.6751556396484375 112.9273452758789062 113.1641540527343750 113.3854827880859375 113.5910644531250000 113.7807769775390625 113.9544067382812500 114.1117553710937500 114.1338272094726562 114.2604675292968750 114.2465896606445312 114.3427658081054688 114.2747497558593750 114.3426437377929688 114.5479354858398438 114.5892562866210938 114.6128082275390625 114.6183700561523438 114.6057815551757812 114.5748977661132812 114.3863601684570312 114.3245925903320312 114.2438430786132812 114.1439971923828125 113.9023666381835938 113.7679977416992188 113.6140670776367188 113.3154220581054688 112.9934921264648438 112.7908096313476562 112.5678634643554688
109.3161468505859375 109.7284774780273438 110.1273880004882812 110.5127182006835938 110.8843612670898438 111.2421569824218750 111.5859069824218750 111.9155426025390625 112.2308578491210938 112.5316696166992188 112.8178634643554688 113.0892105102539062 113.3455963134765625 113.5867919921875000 113.8126754760742188 114.0229797363281250 114.2175750732421875 114.3962402343750000 114.5588150024414062 114.7050628662109375 114.8348007202148438 114.9478225708007812 114.9258117675781250 114.8839569091796875 114.8054809570312500 115.0156707763671875 115.0636978149414062 115.0940322875976562 115.1064376831054688 115.1007690429687500 115.0768432617187500 115.0345458984375000 114.8350830078125000 114.7616806030273438 114.6691665649414062 114.5574188232421875 114.4263000488281250 114.1552810668945312 113.9891967773437500 113.6770706176757812 113.3434143066406250 113.1282348632812500
109.6683959960937500 110.0826110839843750 110.4835586547851562 110.8711776733398438 111.2452774047851562 111.6057510375976562 111.9524078369140625 112.2851486206054688 112.6037445068359375 112.9080810546875000 113.1979522705078125 113.4731979370117188 113.7336883544921875 113.9791564941406250 114.2094802856445312 114.4244384765625000 114.6238708496093750 114.8075408935546875 114.9752426147460938 115.1268310546875000 115.2620773315429688 115.3807449340820312 115.4826431274414062 115.5675735473632812 115.5156326293945312 115.4519729614257812 115.5068054199218750 115.5439605712890625 115.5633163452148438 115.5646896362304688 115.5478591918945312 115.5126724243164062 115.4589614868164062 115.2487182617187500 115.1637115478515625 115.0594482421875000 114.9358520507812500 114.7927398681640625 114.5076904296875000 114.3294372558593750 114.1312484741210938 113.6587066650390625
109.9925155639648438 110.4083480834960938 110.8111648559570312 111.2008666992187500 111.5772399902343750 111.9402008056640625 112.2896041870117188 112.6252441406250000 112.9469985961914062 113.2546691894531250 113.5481185913085938 113.8271484375000000 114.0915832519531250 114.3412628173828125 114.5759277343750000 114.7954788208007812 114.9996490478515625 115.1882476806640625 115.3610839843750000 115.5179672241210938 115.6586608886718750 115.7829360961914062 115.8906250000000000 115.9814758300781250 116.0552597045898438 116.1118011474609375 116.1651458740234375 115.9625244140625000 115.9889068603515625 115.9973754882812500 115.9877014160156250 115.9597625732421875 115.9133758544921875 115.8482971191406250 115.6274566650390625 115.5308609008789062 115.4149017333984375 115.2794647216796875 115.1243820190429688 114.9495544433593750 114.6350326538085938 114.4245758056640625
